##FastQC	0.10.0
>>Basic Statistics	pass
#Measure	Value	
Filename	20120921-hir_hay1_800_R1.fastq.gz	
File type	Conventional base calls	
Encoding	Sanger / Illumina 1.9	
Total Sequences	250000	
Filtered Sequences	0	
Sequence length	101	
%GC	35	
>>END_MODULE
>>Per base sequence quality	fail
#Base	Mean	Median	Lower Quartile	Upper Quartile	10th Percentile	90th Percentile
1	30.526352	31.0	31.0	33.0	27.0	34.0
2	30.884744	31.0	31.0	34.0	27.0	34.0
3	31.17328	31.0	31.0	34.0	28.0	34.0
4	35.070336	35.0	35.0	37.0	32.0	37.0
5	35.013572	35.0	35.0	37.0	32.0	37.0
6	35.078552	37.0	35.0	37.0	32.0	37.0
7	35.0466	37.0	35.0	37.0	32.0	37.0
8	35.02988	37.0	35.0	37.0	32.0	37.0
9	36.483416	38.0	35.0	39.0	32.0	39.0
10-14	36.5402912	38.2	35.2	39.2	32.0	39.4
15-19	37.0322096	38.8	36.0	40.0	31.2	41.0
20-24	36.60222	38.4	35.4	40.0	30.2	41.0
25-29	36.2529696	38.0	35.0	40.0	29.4	41.0
30-34	35.7866968	38.0	34.4	40.0	28.0	41.0
35-39	35.035544	38.0	33.8	40.0	25.6	41.0
40-44	34.223392000000004	38.0	33.0	40.0	24.2	41.0
45-49	33.157047999999996	37.0	31.2	39.8	19.6	40.6
50-54	31.967040000000004	36.4	29.8	39.0	12.0	40.0
55-59	30.544696800000004	35.2	28.0	38.8	4.2	40.0
60-64	29.0307992	34.2	25.6	38.0	2.0	40.0
65-69	27.194188000000004	32.8	21.4	37.6	2.0	39.6
70-74	25.156821599999997	30.8	12.2	36.2	2.0	39.0
75-79	23.5031928	29.8	4.0	34.6	2.0	37.6
80-84	22.5097064	29.4	2.0	34.2	2.0	36.6
85-89	20.1831728	27.0	2.0	33.8	2.0	35.4
90-94	17.480394399999998	21.0	2.0	32.2	2.0	34.6
95-99	14.948362399999999	3.0	2.0	31.0	2.0	34.0
100-101	12.6443	2.0	2.0	29.0	2.0	33.0
>>END_MODULE
>>Per sequence quality scores	pass
#Quality	Count
2	27.0
3	7.0
4	17.0
5	25.0
6	109.0
7	224.0
8	439.0
9	743.0
10	1107.0
11	1464.0
12	1993.0
13	2433.0
14	2966.0
15	3601.0
16	4145.0
17	4655.0
18	5063.0
19	5410.0
20	5608.0
21	5811.0
22	6286.0
23	6522.0
24	7053.0
25	7442.0
26	8067.0
27	8902.0
28	9688.0
29	10765.0
30	11787.0
31	12609.0
32	13800.0
33	15130.0
34	16748.0
35	18879.0
36	20456.0
37	19036.0
38	10169.0
39	813.0
40	1.0
>>END_MODULE
>>Per base sequence content	fail
#Base	G	A	T	C
1	20.681095431158592	35.02083308269471	26.83878522475267	17.459286261394034
2	19.6328	32.3028	35.6108	12.4536
3	17.73	34.1072	34.4148	13.748
4	19.346	32.9764	33.0032	14.674400000000002
5	17.7308	33.6912	32.081199999999995	16.4968
6	16.8776	33.8432	32.4548	16.8244
7	17.424400000000002	33.2692	33.1192	16.187199999999997
8	15.8548	32.7344	33.924	17.4868
9	16.1808	31.3664	34.4716	17.9812
10-14	16.92061780287333	32.70577562165094	33.01994115096426	17.353665424511473
15-19	17.220399999999998	32.65472	32.72584	17.39904
20-24	17.29792	32.47952	32.82	17.40256
25-29	17.66208	32.33936	32.394079999999995	17.60448
30-34	17.74248	32.3544	32.38456	17.51856
35-39	17.783360000000002	32.1492	32.42392	17.64352
40-44	17.979961375567406	32.16564025517086	32.33900219682461	17.515396172437132
45-49	18.04492330781594	32.21335731205755	32.230077352185646	17.511642027940866
50-54	18.05688	32.04664	32.07408	17.8224
55-59	18.0824	32.159440000000004	32.13648	17.62168
60-64	18.17048	31.94952	32.14432	17.735680000000002
65-69	18.10272	32.21232	31.90128	17.78368
70-74	18.381611108221957	32.01854570620497	31.78820451481536	17.81163867075771
75-79	18.22392	32.07344	31.92872	17.77392
80-84	18.109177310127723	32.10910530926371	31.908622903474843	17.873094477133726
85-89	18.226319999999998	31.98224	31.85888	17.93256
90-94	18.48247346136737	31.790913658634935	31.603295046868652	18.123317833129047
95-99	18.666118389473077	31.630447304588248	31.63692742900664	18.06650687693204
100-101	18.352273409093637	31.80832723330893	32.16072864291457	17.67867071468286
>>END_MODULE
>>Per base GC content	pass
#Base	%GC
1	38.14038169255262
2	32.0864
3	31.478
4	34.0204
5	34.2276
6	33.702
7	33.6116
8	33.3416
9	34.162
10-14	34.2742832273848
15-19	34.619440000000004
20-24	34.70048
25-29	35.266560000000005
30-34	35.26104
35-39	35.42688
40-44	35.495357548004534
45-49	35.55656533575681
50-54	35.87928
55-59	35.70408
60-64	35.90616
65-69	35.8864
70-74	36.19324977897966
75-79	35.99784
80-84	35.982271787261446
85-89	36.158879999999996
90-94	36.60579129449641
95-99	36.732625266405115
100-101	36.03094412377649
>>END_MODULE
>>Per sequence GC content	pass
#GC Content	Count
0	0.0
1	2.0
2	5.0
3	11.5
4	13.0
5	20.0
6	49.0
7	73.5
8	107.5
9	178.5
10	243.5
11	341.5
12	535.5
13	710.5
14	905.5
15	1143.5
16	1382.5
17	1617.5
18	1894.0
19	2271.0
20	2648.5
21	3078.5
22	3577.5
23	4088.5
24	4696.5
25	5354.5
26	5896.0
27	6519.0
28	7252.0
29	7872.5
30	8403.5
31	8913.5
32	9312.5
33	9684.0
34	9959.5
35	10055.0
36	10318.0
37	10597.5
38	10581.0
39	10409.0
40	10159.5
41	9643.5
42	9008.0
43	8367.0
44	7517.0
45	6657.5
46	5859.5
47	5007.5
48	4267.0
49	3611.0
50	3072.0
51	2620.5
52	2198.5
53	1890.5
54	1639.5
55	1365.5
56	1100.0
57	951.0
58	770.5
59	604.5
60	514.0
61	420.5
62	353.0
63	297.5
64	240.0
65	195.5
66	167.0
67	130.0
68	101.5
69	85.5
70	79.0
71	71.0
72	55.0
73	46.0
74	39.5
75	25.0
76	24.0
77	26.0
78	19.5
79	16.0
80	14.5
81	10.0
82	8.5
83	8.0
84	6.5
85	4.5
86	2.5
87	2.0
88	2.0
89	1.0
90	0.5
91	1.0
92	1.0
93	0.5
94	0.0
95	0.0
96	0.0
97	0.0
98	0.0
99	0.0
100	0.0
>>END_MODULE
>>Per base N content	pass
#Base	N-Count
1	0.25479999999999997
2	0.0
3	0.0
4	0.0
5	0.0
6	0.0
7	0.0
8	0.0
9	0.0
10-14	0.00176
15-19	0.0
20-24	0.0
25-29	0.0
30-34	0.0
35-39	0.0
40-44	0.00112
45-49	2.3999999999999998E-4
50-54	0.0
55-59	0.0
60-64	0.0
65-69	0.0
70-74	0.0092
75-79	0.0
80-84	0.0012000000000000001
85-89	0.0
90-94	0.00992
95-99	0.0019199999999999998
100-101	3.9999999999999996E-4
>>END_MODULE
>>Sequence Length Distribution	pass
#Length	Count
101	250000.0
>>END_MODULE
>>Sequence Duplication Levels	pass
#Total Duplicate Percentage	3.8101574845524273
#Duplication Level	Relative count
1	100.0
2	1.471927085187653
3	0.17038547807113466
4	0.0284823485730852
5	0.008646427245400864
6	0.006103360408518257
7	0.0030516802042591285
8	0.004577520306388693
9	0.0020344534695060854
10++	0.027465121838332156
>>END_MODULE
>>Overrepresented sequences	pass
>>END_MODULE
>>Kmer Content	fail
#Sequence	Count	Obs/Exp Overall	Obs/Exp Max	Max Obs/Exp Position
GGGGG	33630	7.381798	17.530544	95-97
CCCCC	10875	2.7109761	6.2148104	90-94
GGGGA	19600	2.3982155	9.197607	2
GGGCC	7615	1.7587725	15.502743	1
GCCGC	6895	1.6335267	5.8826494	25-29
GGCCC	6695	1.5861435	6.6639376	9
GGCCG	6810	1.5728482	5.5108147	25-29
GATCC	21485	1.5426428	6.267777	5
GGATC	21200	1.4839308	6.3139586	4
CGGCC	6150	1.457025	5.560941	25-29
GGATG	19780	1.3497453	5.4603505	4
GGGAT	18970	1.2944726	5.725095	3
GGCCA	9870	1.2707312	9.303232	2
GCATC	17130	1.2299498	5.3624315	8
CTGGA	17215	1.2049938	5.0919027	2
GATGC	17020	1.1913444	5.465308	5
GCCAT	15155	1.088143	5.5713573	3
>>END_MODULE
